5.789
5.792
5.618
5.425
5.231
4.996
4.658
4.292
3.959
3.27
2.825
2.199
1.403
1.266
1.575
2.269
3.418
4.313
5.28
5.825
6.025
5.916
5.501
4.992
4.667
4.506
4.493
4.548
4.495
4.242
3.938
3.609
3.125
2.324
2.015
2.453
2.817
3.072
3.314
3.428
3.461
3.491
3.222
3.207
3.096
2.952
3.142
3.78
4.407
4.757
4.96
5.331
5.87
6.397
6.872
7.193
7.339
6.927
8.047
8.865
8.897
8.656
8.29
7.98
7.907
8.036
8.166
8.117
7.585
6.987
7.067
7.077
7.257
7.748
8.139
8.232
7.802
7.324
7.138
7.205
7.183
6.733
6.452
6.558
6.661
6.516
6.008
5.497
5.08
4.857
4.888
5.024
4.909
4.569
4.65
5.051
4.907
3.817
3.313
3.327
3.169
3.182
3.568
3.667
3.653
3.744
4.538
4.728
4.523
3.883
3.121
2.867
2.786
2.732
2.558
2.817
3.297
3.692
4.114
4.461
4.563
4.34
3.945
3.582
3.354
3.501
3.951
4.426
4.662
4.289
4.15
4.676
4.934
4.801
4.336
3.777
3.229
2.822
2.691
2.652
3.039
3.112
3.075
3.278
3.745
4.234
4.586
4.884
5.128
5.252
5.485
5.848
6.242
5.793
5.924
7.487
8.543
9.167
9.252
8.805
8.079
7.332
6.602
5.866
5.011
4.591
4.603
4.913
5.307
5.689
5.959
6.211
6.376
6.536
6.738
6.893
6.993
6.321
5.227
5.332
5.246
4.649
3.967
3.487
3.218
3.159
3.296
3.753
4.207
4.309
4.116
3.856
3.991
4.323
4.124
3.6
3.482
3.697
3.705
3.35
3.223
2.933
2.105
2.228
2.452
2.455
2.719
3.032
3.418
3.904
4.389
4.9
5.442
5.801
5.797
5.379
5.12
5.259
5.526
4.547
4.099
3.939
4.566
5.366
5.729
5.618
6.234
7.298
7.301
6.648
5.846
4.907
4.064
3.734
3.293
2.743
2.326
2.591
3.063
3.131
3.012
2.92
3.343
4.228
4.814
4.93
4.995
5.02
4.911
4.297
3.153
1.948
1.031
0.909
1.01
1.375
2.07
2.799
3.602
4.395
4.993
5.268
5.093
4.605
4.172
3.83
3.704
3.134
2.32
1.746
2.348
3.269
3.682
3.411
2.879
2.374
1.985
1.891
1.952
2.097
2.591
3.41
4.215
4.979
5.53
5.705
5.525
5.241
5.057
4.96
4.911
4.674
4.349
4.13
3.902
3.565
3.245
2.778
2.646
2.579
2.127
1.819
1.711
1.898
2.135
2.988
3.577
4.327
5.055
5.483
5.508
5.339
5.216
5.364
5.484
5.349
5.198
5.153
5.095
5.284
5.42
4.587
4.411
3.732
3.199
3.207
3.497
3.669
3.596
3.162
2.787
2.648
2.68
2.903
3.198
3.276
3.08
2.702
2.359
2.655
3.746
3.703
3.727
4.126
4.383
4.375
4.069
4.409
5.048
5.579
5.839
5.698
5.202
4.659
4.084
3.589
3.311
2.973
2.835
2.659
2.521
2.717
3.833
5.152
5.928
6.15
6.072
5.775
5.553
5.473
5.048
4.587
4.56
4.513
4.785
5.301
5.685
5.821
5.727
5.318
4.673
4.339
4.531
5.267
5.985
6.448
6.71
6.71
6.573
6.398
6.365
6.345
6.3
5.676
4.588
3.62
2.263
1.186
0.921
0.974
1.199
1.833
2.387
3.115
3.823
4.443
4.431
3.697
3.112
2.87
2.395
1.5
1.442
1.718
2.157
2.356
2.315
2.005
2.981
4.023
4.215
3.721
3.058
2.509
2.281
2.608
2.948
3.802
4.502
4.858
4.87
4.717
4.456
4.165
3.874
3.545
3.199
3.086
3.561
4.382
4.734
4.014
3.618
4.027
4.512
4.803
4.98
4.93
4.602
4.261
3.896
3.545
3.412
3.394
3.476
3.665
3.769
3.685
4.107
4.399
3.77
3.464
3.425
3.592
3.706
3.166
2.346
1.183
0.759
0.649
0.716
1.082
2.352
3.243
3.895
4.629
5.18
5.353
5.368
5.162
5.078
5.477
5.632
5.305
4.866
4.323
3.947
3.992
4.153
3.641
2.857
2.577
2.75
3.017
3.275
3.555
3.79
3.898
3.754
3.666
3.703
3.4
2.945
2.826
2.699
2.466
2.194
2.03
2.01
1.857
1.705
1.938
2.2
1.982
1.801
1.962
2.381
2.977
3.108
2.988
2.791
2.914
3.429
4.206
5.118
5.873
6.104
6.039
6.045
6.205
6.788
5.228
4.607
4.761
4.592
4.4
4.279
3.935
3.795
3.556
3.139
2.604
2.281
2.355
2.873
3.431
3.79
4.238
4.847
5.703
6.236
6.162
6.188
5.874
5.438
5.591
4.835
3.871
3.762
4.041
3.743
3.106
3.08
3.131
2.744
2.197
1.595
1.496
1.57
2.313
2.835
3.462
4.222
4.615
4.938
5.258
5.425
5.275
5.154
4.977
4.621
4.295
4.194
4.319
4.694
4.52
4.229
3.583
2.598
2.644
3.544
4.301
4.706
4.824
4.901
5.493
6.497
7.269
6.357
4.002
2.16
1.78
1.345
1.553
1.796
1.754
1.806
1.994
2.305
2.577
3.58
4.379
4.598
4.202
3.58
3.022
2.703
2.952
3.192
3.285
3.487
4.016
4.409
4.621
4.78
4.668
4.775
5.141
5.37
5.228
5.025
4.928
4.856
4.358
4.047
5.298
5.311
4.871
4.3
3.864
3.491
3.14
2.775
2.121
2.111
2.624
2.846
2.674
2.362
2.31
2.397
2.609
2.733
2.699
2.578
2.478
2.486
2.356
1.919
1.937
1.977
1.892
1.798
1.808
1.874
2.036
2.247
2.836
3.936
5.345
5.965
5.816
5.478
4.928
4.343
3.898
3.609
3.434
3.375
3.408
3.507
3.358
2.463
1.796
0.950
0.548
1.11
1.819
2.464
2.96
3.417
3.9
4.316
4.614
4.767
4.608
4.457
4.367
4.313
4.352
4.487
4.727
5.098
5.596
5.997
5.68
4.443
4.096
3.762
2.898
2.278
2.211
2.6
3.161
3.615
4.105
4.598
4.881
4.934
4.85
4.851
4.966
4.935
5.005
5.094
5.222
5.156
4.714
4.148
3.594
2.714
2.654
2.309
1.882
1.899
2.393
3.072
3.949
4.862
5.626
5.955
6.107
5.779
5.431
5.401
5.226
4.62
3.846
3.005
2.487
2.21
1.958
1.82
1.733
1.221
1.874
2.444
2.347
2.347
2.379
2.569
3.229
4.061
5.177
6.199
6.839
6.589
5.862
5.479
5.282
5.07
4.796
4.471
4.076
3.552
2.825
2.28
1.963
1.387
1.514
1.344
1.35
1.517
1.47
1.545
1.985
2.524
3.495
4.445
5.452
5.598
5.051
4.616
4.434
3.547
1.964
3.406
4.963
5.491
5.645
5.357
4.365
3.266
2.798
3.057
3.586
4.012
4.368
4.828
5.41
6.006
6.698
7.449
7.722
7.781
7.907
7.77
7.284
7.285
7.747
8.101
8.21
8.315
8.805
9.033
9.552
10.32
10.451
10.033
9.591
9.402
9.307
9.351
9.472
9.491
9.341
8.829
7.927
7.479
7.401
7.581
7.621
7.51
7.377
7.206
6.853
6.725
6.546
6.406
6.306
7.057
6.898
6.597
6.518
6.614
6.79
7.1
7.904
8.647
8.831
8.488
7.728
7.119
6.78
6.495
6.232
6.314
6.652
6.917
6.701
6.312
6.447
6.398
5.362
4.524
4.401
4.738
4.886
4.495
3.64
2.836
2.899
3.806
4.5
5.095
6.051
6.784
6.627
6.151
5.869
5.751
5.529
5.02
4.519
3.908
3.172
3.009
2.791
2.422
1.914
1.142
0.513
1.258
2.367
3.259
4.065
4.703
5.104
5.554
5.9
5.579
4.963
4.522
4.201
4.148
4.262
4.199
3.985
3.723
3.442
3.18
2.636
1.956
0.804
0.897
1.915
2.616
3.288
3.759
4.283
4.794
5.434
6.196
6.791
6.73
6.543
6.498
6.418
6.142
5.548
4.932
4.249
3.796
3.648
3.518
3.08
2.429
1.919
0.952
0.742
1.792
2.734
3.602
4.264
5.141
6.032
6.745
7.186
7.214
7.196
7.099
6.899
6.544
6.263
6.029
5.67
5.297
4.848
4.463
3.867
3.327
3.354
3.035
2.976
2.767
2.672
2.895
2.89
3.022
3.53
4.536
5.697
6.302
6.349
6.069
5.671
5.49
5.819
6.167
6.235
6.425
6.683
6.933
6.574
5.928
7.536
8.111
7.83
7.435
6.774
5.754
4.722
3.872
3.387
3.274
3.243
3.634
4.188
4.376
4.334
4.45
4.904
5.461
5.509
5.417
5.65
5.917
5.947
5.477
5.375
5.89
6.348
6.5
6.193
5.723
5.252
4.831
4.508
4.238
4.245
5.15
6.804
8.415
9.477
10.619
11.383
12.041
12.245
12.216
11.734
11.216
10.674
10.313
9.583
8.918
8.593
8.483
8.595
8.863
8.987
9.008
8.937
8.646
7.943
7.465
7.372
7.263
6.971
6.768
6.547
6.371
6.224
6.03
5.731
5.557
5.545
6.094
6.036
5.876
5.723
5.709
5.696
5.815
6.074
6.265
6.39
6.502
6.562
6.554
6.418
6.25
6.02
5.977
5.656
4.814
4.08
3.818
3.752
3.75
3.255
2.569
2.293
2.451
2.597
2.801
2.821
3.521
3.826
3.933
3.682
3.692
3.792
3.868
3.968
4.712
5.607
5.234
5.469
6.392
6.856
6.921
7.401
7.144
6.49
5.908
5.594
6.176
6.727
7.088
7.122
7.02
6.678
6.004
5.235
4.816
4.718
4.825
4.915
5.466
5.735
5.777
5.918
5.86
5.517
5.247
5.051
4.643
3.406
2.491
2.512
2.58
2.549
2.748
2.934
3.049
3.064
3.077
3.121
3.012
2.794
2.955
3.528
4.039
4.212
4.267
4.42
4.244
3.837
3.989
4.506
4.586
3.938
3.162
3.12
3.184
3.271
3.684
4.085
3.937
3.4
2.92
2.486
2.331
2.631
3.259
3.628
3.515
3.514
4.295
5.447
6.222
6.616
6.855
6.928
6.891
6.711
7.137
8.087
8.238
8.04
7.638
7.148
6.631
6.143
5.624
4.787
4.212
3.919
4.012
4.491
5.204
5.834
6.229
6.613
6.92
7.042
7.036
6.989
6.926
6.339
5.841
6.686
6.469
5.954
5.576
5.099
4.041
3.037
2.507
2.466
3.047
3.555
3.72
3.589
3.263
4.526
4.79
3.925
3.069
2.418
2.175
2.108
2.053
2.089
1.825
1.502
1.684
1.807
1.499
1.185
1.44
2.051
2.684
3.384
4.008
4.749
5.279
5.325
5.306
5.418
5
3.536
3.545
4.128
4.658
5.237
5.406
5.129
4.577
5.367
5.791
5.431
4.795
4.263
3.92
3.834
3.684
3.407
3.293
3.375
3.778
4.422
4.937
5
4.907
5.438
5.966
6.575
6.943
7.046
7.049
6.677
5.476
5.652
6.841
7.062
7.051
6.924
6.399
5.482
4.467
3.694
3.015
2.807
3.248
4.135
5.032
5.712
6.339
6.797
7.131
7.352
7.491
7.598
7.669
7.18
6.395
6.978
7.653
7.746
7.553
7.289
6.871
6.343
5.67
5.208
5.168
5.567
6.01
6.456
6.812
7.117
7.413
7.399
7.441
7.435
7.491
7.399
7.192
6.826
5.911
6.222
6.709
6.721
6.546
6.031
5.234
4.453
3.878
3.74
3.913
4.337
5.139
6.062
6.935
7.397
7.107
6.441
6.227
5.624
5.406
5.201
4.844
4.376
3.51
3.148
3.322
4.037
4.629
4.839
4.729
4.499
4.352
3.985
3.557
2.972
2.38
2.186
2.003
1.76
2.133
2.343
2.365
2.392
2.787
3.638
4.266
4.188
4.241
4.986
5.314
5.465
5.433
5.039
4.499
3.971
3.491
3.17
3.197
3.583
4.038
4.564
5.15
5.66
5.876
5.746
5.606
5.59
5.539
5.441
5.416
5.05
4.464
3.814
2.862
1.95
2.476
3.055
3.316
3.315
3.122
2.961
3.388
4.16
4.809
5.12
5.137
4.948
4.643
4.217
3.689
3.227
2.927
2.846
2.853
2.778
2.865
3.452
4.612
5.679
6.275
6.351
5.815
5.01
4.052
3.082
2.541
2.463
2.434
2.556
3.061
3.434
3.58
3.888
3.821
3.049
2.358
2.537
2.861
3.103
3.433
4.069
4.109
4.346
4.506
3.908
3.339
3.605
3.453
3.143
3.003
3.431
3.658
3.93
4.553
4.064
2.759
2.73
2.872
3.214
3.259
3.108
3.098
3.165
2.699
2.093
1.753
1.421
1.442
1.53
1.983
2.911
3.877
4.689
5.117
5.269
5.264
5.315
5.347
5.378
5.033
4.325
3.665
3.221
3.151
3.22
3.335
3.164
2.736
3.124
3.392
3.426
3.336
3.424
3.519
3.455
3.508
3.542
3.549
3.5
3.685
3.949
4.273
4.579
4.932
5.09
5.388
5.813
5.342
4.471
4.134
4.07
3.713
4.274
3.847
2.798
1.825
1.337
1.381
2.066
2.412
3.093
3.634
4.123
4.432
4.719
4.984
5.058
4.704
4.342
4.191
4.165
4.02
3.583
3.1
2.815
2.171
1.789
1.803
1.796
1.851
1.9
1.949
2.058
2.222
2.418
2.667
3.465
4.096
4.302
4.473
4.674
4.84
5.056
5.159
4.934
4.994
5.433
5.816
6.016
6
6.311
6.457
6.074
5.574
5.093
4.447
3.792
3.242
2.792
2.578
2.591
2.937
3.663
4.486
5.207
5.626
5.894
6.087
6.244
6.406
6.627
6.884
6.709
5.741
5.729
6.255
6.419
6.425
6.251
5.847
5.269
4.486
3.701
3.041
2.612
2.41
2.381
2.7
3.135
3.614
3.987
4.171
4.148
4.138
4.246
4.359
4.071
3.308
2.717
2.27
2.256
2.381
2.267
2.019
1.832
2.059
2.787
3.747
4.383
4.318
4.049
3.796
3.563
3.459
3.705
4.086
4.407
4.821
5.177
5.165
4.507
3.554
3.35
3.546
4.008
4.718
5.44
6.227
7.057
7.666
8.006
7.802
7.897
8.088
8.112
8.12
8.067
8.097
8.204
8.13
7.719
7.421
7.238
7.516
7.296
7.246
7.446
7.034
6.699
6.737
7.055
7.524
8.053
8.367
8.196
7.376
6.644
6.568
6.632
6.72
6.731
6.624
6.256
6.227
5.928
5.683
5.619
5.618
5.338
4.926
4.714
4.039
3.368
2.693
2.118
1.736
1.835
2.06
2.628
3.05
3.705
4.195
4.686
4.942
5.042
5.182
5.245
5.21
5.285
5.264
5.237
5.079
4.711
4.369
4.525
5.894
6.909
7.332
7.155
6.613
5.979
5.171
4.379
3.502
3.217
3.539
4.181
4.945
5.507
5.962
6.323
6.334
6.12
5.852
5.616
5.221
4.995
4.555
4.525
5.08
5.68
6.337
6.729
6.631
6.114
5.285
4.225
3.599
3.537
3.591
3.978
4.254
4.437
4.66
4.735
4.689
4.599
4.414
4.138
3.868
3.356
2.447
2.19
1.924
1.7
1.51
1.635
2.205
2.927
3.656
4.446
4.995
5.201
5.349
5.525
5.536
5.676
5.942
6.21
6.254
6.164
6.041
5.989
5.678
5.082
4.811
4.929
4.976
5.064
5.089
5.318
5.817
6.384
7.016
7.48
7.378
7.253
7.224
7.226
7.095
7.089
7.27
7.166
6.902
6.477
6.575
6.363
6.077
5.753
5.451
5.488
5.123
4.649
4.1
3.42
3.143
3.628
4.457
5.119
5.406
5.737
5.939
5.878
5.594
5.367
4.895
4.121
3.641
3.65
3.548
3.432
3.43
3.168
2.441
2.099
2.171
2.629
3.506
4.185
4.606
4.723
4.463
3.764
3.208
2.862
2.27
2.075
3.212
4.647
5.554
5.894
5.98
6.001
5.93
5.841
5.654
5.524
5.308
5.887
6.028
5.848
5.669
5.314
5.091
4.916
4.718
4.754
5.245
5.761
6.322
6.765
7.42
7.115
6.371
5.772
5.451
5.224
4.951
4.745
4.467
4.021
3.695
3.706
3.811
3.983
4.094
4.445
5.052
5.581
6.042
6.523
6.637
6.642
6.864
7.213
7.639
7.951
8.467
8.684
8.579
8.521
8.715
8.938
9.006
8.837
9.031
9.244
8.845
8.537
8.377
8.383
8.528
8.704
8.799
8.68
7.999
7.819
8.152
8.445
8.456
8.213
8.376
8.29
8.149
8.152
8.398
8.615
8.29
8.096
8.814
9.364
9.104
8.706
8.376
8.032
7.852
8.081
8.511
8.783
8.473
8.09
8.126
8.206
8.21
7.967
7.713
7.382
6.96
6.632
6.208
5.74
5.343
4.783
4.427
3.745
2.664
1.833
1.124
1.003
1.8
2.938
3.896
4.979
5.999
6.719
6.572
6.211
5.736
5.357
5.048
4.822
4.684
4.436
4.224
4.054
3.916
3.665
3.236
2.853
2.175
0.889
0.673
1.95
2.88
3.594
4.084
4.712
5.367
5.881
5.849
5.704
5.617
5.598
5.569
5.543
5.483
5.438
5.484
5.556
5.691
5.845
4.743
3.599
2.703
1.89
1.578
2.084
2.531
2.648
2.739
2.978
3.525
4.342
4.528
4.592
4.546
4.449
4.42
4.271
4.023
3.788
3.609
3.546
3.608
3.757
3.269
3.332
3.399
3.214
3.022
2.988
3.266
3.864
4.792
5.988
6.749
6.843
6.726
6.839
7.364
7.45
7.326
7.175
7.093
6.816
6.179
5.606
5.294
5.013
4.59
4.212
3.745
3.265
2.9
2.72
3.231
4.186
5.296
6.331
6.835
6.751
6.669
6.507
6.537
6.64
6.409
6.171
5.924
5.706
5.631
5.716
5.956
6.045
6.051
6.327
6.142
5.947
5.827
5.691
6.041
7.008
8.275
9.216
9.183
8.42
8.24
8.462
8.185
7.828
7.583
7.508
7.486
7.404
7.304
7.266
7.339
7.093
7.232
7.632
7.397
7.044
6.901
6.899
7.134
7.543
8.001
8.44
8.41
7.768
7.655
7.887
7.565
7.094
6.71
6.512
6.358
6.142
6.235
6.106
5.765
5.261
4.483
4.333
3.834
3.099
2.533
2.591
3.357
4.251
5.125
6.107
6.519
6.232
5.986
5.806
5.581
5.352
5.219
5.247
5.212
5.183
5.032
4.813
4.836
4.664
4.307
3.857
3.048
2.058
1.329
1.01
2.044
3.598
4.585
5.582
6.312
6.483
6.13
5.793
5.507
5.421
5.346
5.324
5.227
5.179
5.1
5.039
5.051
4.995
4.757
4.568
4.071
3.838
3.93
4.196
4.676
5.292
5.694
5.993
6.143
6.115
5.733
5.535
5.317
5.183
5.112
5.001
4.782
4.546
4.408
4.427
4.441
4.289
3.833
3.476
2.967
2.525
2.187
2.173
2.734
3.053
3.485
4.018
4.801
5.38
5.348
5.11
4.709
4.027
3.431
3.551
3.865
3.654
3.238
3.093
3.097
3.004
2.262
1.276
0.698
1.091
1.419
1.741
2.25
2.563
2.759
3.024
3.725
4.66
4.863
4.913
4.986
4.947
4.842
4.627
4.345
4.19
4.198
4.377
4.522
4.569
3.657
2.317
1.882
2.191
2.59
2.704
2.495
2.273
2.406
2.633
2.819
3.011
3.441
4.02
4.568
5.091
5.622
6.167
6.67
7.455
7.863
7.79
7.535
7.149
6.181
5.801
6.306
7.004
7.79
8.082
7.934
7.622
7.125
6.315
5.87
6.299
6.672
6.822
6.84
6.736
6.505
6.338
6.095
5.65
5.392
5.249
4.875
4.337
3.533
3.258
2.795
2.472
2.65
2.886
3.195
3.785
4.509
5.027
5.244
5.327
5.189
4.939
4.718
4.581
4.511
4.337
3.999
3.616
3.231
2.717
2.146
1.936
2.111
2.004
1.997
2.561
3.176
3.708
3.87
3.591
3.062
2.637
2.149
2.043
2.134
3.392
4.447
4.821
4.384
3.882
4.185
4.892
5.421
6.395
7.46
8.05
8.534
8.554
9.884
10.088
9.8
9.112
8.372
7.761
7.409
7.418
7.219
7.196
7.438
7.888
7.872
7.669
7.804
7.814
7.533
7.607
7.883
8.138
7.967
7.702
8.113
8.509
8.362
8.319
8.496
8.735
8.934
9.087
9.18
8.974
8.155
7.76
7.501
7.558
7.432
7.252
7.255
7.232
7.057
6.901
6.951
6.984
6.54
6.167
5.921
6.493
6.253
6.001
5.807
5.7
5.802
6.129
6.596
6.961
6.746
6.201
6.067
5.803
5.593
5.332
5.123
5.133
5.159
5.254
5.314
5.314
5.353
5.159
4.48
4.31
3.555
2.614
1.758
1.235
1.173
2.232
2.731
3.365
4.279
5.142
5.313
5.285
5.14
4.84
4.484
4.129
3.738
3.473
3.398
3.337
3.186
2.936
2.234
1.318
0.707
0.688
0.803
1.121
1.869
2.689
3.216
3.812
4.561
5.323
5.455
5.433
5.337
4.982
4.683
4.674
4.701
4.723
4.758
4.756
4.645
4.365
3.714
3.198
2.307
1.168
0.910
2.134
2.838
3.409
4.057
4.925
5.666
5.799
5.568
5.57
5.688
5.76
5.772
5.679
5.768
5.463
4.603
4
3.952
4.665
4.698
4.381
4.244
3.823
3.561
3.942
4.667
5.422
5.988
6.111
6.002
6.048
6.098
6.11
5.972
5.795
5.49
5.37
5.681
5.861
5.837
5.728
5.59
5.368
5.021
5.307
5.261
5.073
5.169
5.561
6.065
6.571
7.169
7.573
7.348
6.869
6.933
7.199
7.239
7.32
7.14
6.747
6.311
6.161
6.294
6.375
6.212
5.663
4.931
5.216
5.062
4.236
3.166
2.634
2.631
2.535
3.135
3.127
3.18
3.212
2.852
2.576
2.533
3.085
4.283
5.118
5.474
5.523
5.244
4.942
4.801
4.606
4.064
4.37
4.605
4.879
5.288
5.807
6.241
6.268
5.863
5.2
4.813
4.586
4.006
3.52
3.103
2.927
3.198
3.805
4.505
4.985
5.09
4.891
4.612
4.253
3.723
3.558
3.704
4.056
4.387
4.541
4.621
4.759
4.892
4.998
5.476
5.885
5.631
5.01
4.173
3.356
2.748
2.386
2.121
1.789
1.621
1.736
1.81
1.779
1.405
1.103
1.285
1.681
1.931
2.212
2.51
2.611
2.648
2.94
3.548
4.283
4.559
4.806
4.539
4.18
4.081
3.956
4.293
4.456
4.627
4.781
4.997
5.317
5.416
4.558
3.701
3.614
4.098
4.68
5.058
4.956
4.404
3.892
3.012
2.089
1.403
1.163
1.561
2.258
2.117
1.642
1.725
2.506
3.741
4.565
4.949
5.335
5.251
4.251
3.514
3.149
2.868
2.796
2.809
2.78
2.555
2.384
2.198
2.264
2.2
2.419
3.161
4.467
5.62
6.143
6.25
6.151
6.073
6.005
5.937
5.668
4.807
3.445
2.603
2.308
2.304
2.195
1.941
1.603
2.134
2.36
3.224
4.218
4.255
4.086
3.857
3.699
3.479
3.326
3.168
2.927
2.597
2.249
1.989
1.928
1.841
1.927
2.002
1.695
1.156
0.935
2.366
3.561
4.799
5.633
5.832
5.645
5.586
5.607
5.519
5.442
5.338
5.173
4.987
4.69
4.309
4.097
4.016
3.9
3.4
3.097
2.613
1.975
1.584
1.733
2.258
2.945
3.92
4.835
5.382
5.538
5.419
5.317
5.28
5.184
5.111
4.961
4.712
4.429
4.203
4.04
3.959
3.865
3.278
2.847
2.207
1.8
1.976
2.467
3.104
3.839
4.745
5.471
5.782
5.876
5.543
5.079
4.744
4.462
4.136
4.04
3.937
3.615
3.055
2.389
1.934
1.79
1.673
1.513
1.374
1.301
1.312
1.293
1.904
2.56
3.549
4.398
4.773
4.919
4.917
4.877
4.76
4.542
4.26
4.152
4.046
3.907
3.733
3.52
3.54
3.809
3.649
3.593
4.218
4.756
5.109
5.149
4.86
4.42
4.093
3.95
3.846
4.179
4.877
5.803
6.73
7.595
8.263
8.63
8.881
9.07
9.189
9.249
9.381
9.263
8.456
8.893
10.064
10.779
11.144
10.986
10.493
9.824
8.92
7.849
7.544
7.746
8.107
8.212
8.278
8.347
7.623
5.646
4.642
3.985
3.575
3.172
2.856
2.811
2.759
2.851
2.92
2.734
2.667
2.974
3.43
3.88
4.341
4.973
5.523
5.581
5.26
4.865
4.505
4.185
3.847
3.708
3.834
3.817
3.562
3.469
3.495
3.554
3.121
2.83
2.46
2.299
2.45
2.365
2.099
2.292
2.78
3.636
4.351
4.769
4.954
5.251
5.307
4.888
4.317
4.058
3.655
3.387
3.578
3.871
3.859
3.72
3.133
2.103
2.021
2.61
2.865
3.097
3.401
3.362
3.024
2.951
2.991
2.47
2.023
2.207
2.876
3.241
3.3
3.206
3.063
2.922
3.012
3.111
3.062
2.821
2.654
1.753
1.33
1.826
2.425
2.762
2.691
2.776
2.786
2.798
2.733
2.357
2.061
2.475
2.986
3.565
4.018
4.373
4.542
4.491
4.288
4.115
4.142
4.234
3.754
2.582
2.026
1.635
1.368
1.308
1.312
1.444
1.884
2.367
2.869
2.678
2.646
3.232
3.725
4.24
4.649
4.727
4.623
4.596
4.787
5.054
5.341
5.341
4.598
2.994
1.869
2.173
2.859
3.631
4.331
4.959
5.398
5.484
5.655
5.448
5.114
4.954
4.881
4.784
4.618
4.697
4.835
4.824
4.68
4.569
4.463
4.265
3.798
3.672
3.922
3.801
3.529
3.277
3.151
3.154
3.377
3.752
4.14
4.189
3.915
3.695
3.484
3.169
2.862
2.928
3.21
3.371
3.527
3.85
4.283
4.844
4.869
4.235
4.67
4.89
4.841
4.65
4.29
3.752
3.19
2.982
3.094
2.904
2.286
1.591
1.244
1.639
2.059
1.904
2.09
3.112
4.678
5.237
5.072
4.641
4.047
3.79
3.386
3.066
2.99
3.199
4.368
6.48
8.456
9.25
8.524
7.883
7.48
7.216
7.151
7.058
6.959
6.973
7.097
7.078
6.992
6.907
6.806
6.362
5.873
6.277
5.959
5.516
5.318
5.351
5.609
6.081
6.768
7.192
6.842
6.298
6.259
6.424
6.424
6.225
6.082
5.892
5.607
5.62
5.711
5.798
5.679
5.602
5.534
6.05
5.364
4.118
3.032
2.479
2.278
2.687
4.333
5.485
6.221
6.349
6.155
5.814
5.847
5.931
5.859
5.544
5.176
4.76
4.4
3.976
3.934
4.179
4.071
3.965
3.944
3.402
2.645
2.438
2.483
2.385
2.191
2.269
2.366
2.625
2.953
3.366
3.887
4.384
4.719
5.071
5.265
5.367
5.599
5.971
6.392
6.734
6.429
5.405
5.039
5.329
4.884
4.358
3.946
3.663
3.351
3.05
2.62
2.423
2.467
2.81
3.217
3.521
3.778
3.993
4.168
4.494
5.098
5.828
6.389
6.368
5.338
3.813
3.545
3.015
2.61
2.574
2.814
3.056
3.342
3.841
4.476
5.055
5.399
5.47
5.433
5.557
5.599
5.444
5.327
5.18
5.015
4.819
4.624
4.377
3.903
3.499
3.402
3.019
2.621
2.294
2.442
3.119
3.966
4.797
5.252
5.169
4.763
4.343
4.015
3.834
3.895
4.178
4.306
4.291
4.13
3.991
3.982
4.142
3.996
3.442
3.156
3.28
3.578
4.017
4.496
4.899
5.474
6.073
6.586
6.89
6.736
6.512
6.287
6.004
5.607
5.569
5.988
6.927
7.044
7.16
7.61
7.492
6.965
7.16
7.227
6.691
6.358
6.568
7.092
7.69
8.265
8.353
7.903
7.639
7.705
7.69
7.458
7.591
7.714
8.298
7.925
7.778
7.726
7.805
7.986
7.979
8.028
8.387
9.112
9.638
9.893
10.006
10.206
10.368
10.276
9.347
8.861
9.024
8.778
8.318
7.987
7.977
8.087
8.291
8.652
8.855
8.618
8.409
8.119
7.891
7.672
8.252
9.189
9.796
10.191
9.986
9.342
8.894
8.741
8.385
8.109
7.577
7.469
7.356
7.296
7.291
7.233
7.572
7.945
8.181
8.118
7.693
7.395
7.005
6.574
6.381
6.75
7.004
6.544
5.443
5.616
6.57
6.674
6.639
6.602
6.321
6.065
5.806
5.445
5.077
4.62
4.316
4.212
4.114
3.912
3.854
4.041
4.406
4.312
3.923
4.002
4.049
3.891
3.5
3.172
2.802
2.574
2.352
2.337
1.913
1.367
0.880
0.870
1.254
1.764
2.366
2.959
3.449
3.855
4.165
4.404
4.56
4.261
3.404
3.468
3.693
3.929
4.059
4.049
3.849
3.538
3.194
3.16
3.279
3.025
2.703
2.484
2.516
2.84
3.155
3.247
3.243
3.152
2.996
3.078
3.596
4.134
3.267
3.28
4.07
4.826
5.278
5.427
5.283
4.689
4.108
3.54
3.339
3.58
4.083
4.811
5.558
6.129
6.757
7.128
7.192
7.28
7.292
7.162
6.957
6.317
4.736
3.711
3.361
2.909
2.912
3.118
3.167
3.248
3.215
2.555
1.541
1.147
1.598
2.332
3.238
4.398
5.393
6.056
6.476
6.876
7.25
7.386
7.433
7.281
6.015
5.274
5.359
4.878
4.018
3.238
2.692
2.352
2.262
1.716
1.703
2.152
2.554
2.419
2.255
2.622
3.277
3.843
4.742
6.216
7.288
7.567
7.589
7.219
6.137
5.309
5.809
6.275
6.69
7.251
7.64
7.999
8.354
9.115
9.263
9.038
9.328
9.49
9.754
9.866
9.937
9.588
9.032
8.948
8.896
8.866
8.73
8.474
8.662
8.359
7.614
7.002
6.664
6.51
6.467
6.372
6.337
6.475
6.599
6.461
5.983
5.593
5.107
4.663
4.396
4.328
4.34
4.243
4.103
4.042
4.02
3.725
3.775
3.581
3.351
2.991
2.589
2.3
2.169
2.339
3.227
4.497
5.092
5.066
4.839
4.605
4.405
4.254
4.296
4.458
4.603
4.678
4.922
5.291
5.596
5.562
4.362
3.546
3.24
2.678
2.197
1.942
1.835
1.82
1.824
1.663
1.557
2.185
3.092
4.073
5.193
6.279
6.865
7.368
8.022
8.669
9.254
9.685
9.921
9.813
8.749
7.896
7.929
8.308
7.928
6.926
5.672
4.43
3.564
3.403
4.35
5.374
6.248
7.172
7.934
8.203
8.375
8.319
8.301
7.989
7.484
6.618
5.722
4.64
3.453
2.754
2.672
2.951
3.3
3.492
3.401
3.383
3.821
4.477
4.941
5.264
5.417
5.25
5.144
5.297
5.417
5.312
5.094
4.927
4.841
4.871
5.021
4.801
4.748
5.24
6.056
6.597
6.886
6.928
6.629
5.693
4.51
4.047
3.841
3.829
4.421
5.297
6.088
6.675
7.339
7.919
8.707
9.541
10.048
10.531
10.812
10.695
10.46
11.705
12.737
13.075
12.703
11.691
9.919
7.663
6.181
5.907
5.776
6.963
8.513
8.814
7.889
6.875
5.715
4.934
4.646
4.771
4.89
4.713
4.556
4.113
3.675
2.493
1.074
1.868
2.612
3.937
4.151
3.541
3.403
3.57
3.874
3.597
2.625
2.398
2.532
3.283
4.068
4.324
4.729
5.207
5.274
5.371
5.512
5.291
5.093
5.17
5.522
5.36
4.794
4.329
3.972
3.826
3.774
3.906
4.299
4.954
5.365
5.287
4.806
3.959
3.334
2.942
2.809
2.842
3.095
3.659
4.011
4.345
4.438
5.208
6.926
7.743
8.068
7.547
6.481
5.178
4.556
4.585
4.905
5.296
5.127
4.096
3.251
3.212
3.522
4.453
5.383
6.136
6.648
7.705
9.235
10.463
11.026
10.369
9.311
8.37
7.888
7.739
7.78
7.844
7.775
7.584
7.478
7.15
7.126
7.114
7.019
7.07
7.118
7.015
7.055
7.141
7.01
6.872
6.548
6.021
6.031
6.347
6.285
5.973
5.707
5.568
5.64
5.912
6.291
6.838
7.082
6.94
6.534
6.524
6.527
6.379
6.395
6.346
6.517
6.686
6.657
6.369
6.206
5.833
6.174
6.24
6.049
5.757
5.369
4.936
4.615
4.451
4.59
5.431
6.074
6.273
6.178
5.942
5.742
5.621
5.604
5.596
5.618
5.976
6.578
7.081
7.145
6.713
5.381
5.934
6.289
6.135
5.948
5.654
5.272
4.743
4.036
3.46
3.128
2.951
2.855
2.737
2.725
3.157
3.794
4.255
4.48
4.688
5.079
5.427
5.59
5.528
4.586
2.954
2.133
2.379
2.644
2.811
2.908
2.922
3.464
4.137
4.25
4.033
3.606
3.11
2.742
2.738
2.992
3.22
3.315
3.373
3.437
3.564
3.716
3.595
2.787
3.014
4.048
4.568
4.852
5.055
5.353
5.713
5.915
6.381
6.782
6.97
7.055
7.216
7.296
7.303
7.123
6.734
6.517
6.165
5.782
5.778
5.655
5.386
5.122
4.594
3.777
3.055
2.814
2.669
2.43
2.317
2.924
4.179
4.854
4.963
4.733
4.293
4.078
4.371
4.816
5.173
5.513
5.756
5.562
5.169
4.909
4.837
3.772
2.687
2.774
2.678
2.611
2.484
2.236
1.897
1.656
2.651
3.439
3.604
3.462
3.516
3.755
4.036
4.375
4.561
4.615
4.758
5.023
5.22
5.218
5.054
3.81
2.979
3.281
2.865
2.636
2.492
2.47
2.362
2.112
1.884
1.886
2.333
2.976
3.513
3.942
4.404
5.004
5.326
5.382
5.295
5.559
6.029
6.354
6.385
5.224
3.845
3.593
3.196
2.858
2.396
1.852
1.473
1.391
1.974
2.596
2.919
3.271
3.78
4.236
4.527
4.701
4.917
5.065
5.268
5.636
5.912
5.828
5.499
4.309
3.136
2.278
1.237
0.874
1.105
1.528
2.249
3.24
4.183
4.164
4.008
4.05
4.229
4.518
4.849
5.128
5.181
5.105
4.977
4.802
4.635
4.456
4.178
3.086
2.164
2.145
1.907
1.701
1.377
1.131
1.684
2.864
4.203
4.508
4.403
4.239
3.974
3.649
3.296
3.178
3.105
2.943
2.818
2.696
2.62
2.658
2.869
2.373
1.609
0.759
0.678
1.389
1.991
2.687
3.537
4.492
5.199
5.129
4.711
4.32
3.993
3.859
3.81
3.769
3.728
3.649
3.584
3.587
3.522
3.321
2.799
2.499
3.016
3.312
3.438
3.412
3.335
3.412
3.772
4.719
6.06
6.493
6.246
5.997
5.813
5.65
5.551
5.465
5.164
4.759
4.497
4.318
3.965
3.419
2.809
2.052
1.781
2.219
2.463
2.557
2.422
2.552
2.658
2.699
3.053
3.264
3.37
3.452
3.436
3.391
3.339
3.278
3.364
3.745
4.249
4.688
5.106
5.452
5.551
4.617
4.487
5.479
6.105
6.428
6.452
6.257
5.682
4.826
4.441
3.923
3.517
3.516
3.784
4.191
4.492
4.538
4.559
4.542
4.445
4.364
4.315
4.186
4.049
3.836
4.303
4.106
3.806
3.452
3.272
3.555
4.353
5.417
6.311
6.724
6.764
6.51
6.268
6.003
5.733
5.598
5.645
5.721
5.732
5.561
5.4
5.427
5.198
5.482
5.262
4.81
4.348
4.076
3.863
3.731
4.085
5.282
6.654
6.658
6.206
5.977
5.849
5.933
6.039
5.968
5.746
5.449
5.402
5.38
5.329
5.122
4.65
4.094
3.581
2.632
1.633
0.819
0.936
1.432
2.144
3.214
4.393
4.789
4.525
4.125
3.876
3.846
3.852
3.788
3.442
3.056
3.005
3.18
3.393
3.677
4.068
3.47
3.431
4.098
4.176
4.072
3.856
3.495
3.116
2.786
2.437
2.951
3.937
4.881
6.116
7.043
7.58
7.804
7.733
7.552
7.366
7.289
7.435
7.708
7.563
6.309
6.518
6.43
5.918
5.454
5.114
4.805
4.363
3.59
3.139
3.475
4.139
4.624
5.228
6.128
6.939
7.535
7.971
8.208
8.262
8.105
7.938
7.794
7.337
5.795
6.4
7.403
7.967
8.508
8.747
8.537
7.935
7.171
7.02
6.816
6.6
6.503
6.439
6.544
6.868
7.434
7.958
8.366
8.738
9.109
9.429
9.661
9.385
8.045
7.909
8.679
9.273
9.439
8.926
7.875
6.568
5.592
4.66
3.866
3.334
3.128
3.017
2.8
2.475
2.14
1.988
2.212
2.416
2.452
2.654
2.814
2.663
1.956
1.694
2.124
2.906
3.389
3.814
3.65
3.149
3.025
4.22
5.035
5.266
5.324
5.222
5.131
5.128
5.214
5.268
5.371
5.412
5.264
5.11
5.03
4.623
4.102
4.041
4.1
3.67
3.061
2.419
2.035
2.317
2.944
4.012
4.746
4.991
5.026
5.144
5.364
5.65
5.954
6.453
7.186
7.848
8.291
8.583
8.584
8.119
7.158
7.579
6.901
5.814
4.955
4.234
3.549
2.963
2.507
2.282
3.002
4.186
5.477
6.389
6.85
7.148
7.835
8.369
8.568
8.656
8.721
8.812
9.003
8.809
7.852
9.043
10.294
10.6
10.187
9.259
8.091
6.809
5.638
5.17
5.163
5.333
5.733
6.419
7.161
7.827
8.437
8.747
8.876
9.043
9.179
9.199
9.083
8.549
7.256
8.313
9.082
9.408
9.305
8.762
7.95
6.768
5.47
4.701
3.935
3.312
2.82
2.578
2.81
3.196
3.037
2.83
2.765
3.008
3.194
3.276
3.731
4.248
4.067
4.649
5.767
6.977
7.768
8.199
8.205
7.695
6.925
6.639
6.146
6.015
6.383
7.124
8.253
8.886
9.089
9.18
9.311
9.432
9.568
9.689
9.678
9.152
8.824
9.499
10.677
11.842
12.587
12.611
11.786
10.561
8.995
8.105
7.274
6.28
5.032
4.254
4.206
4.565
4.732
4.696
4.317
3.878
3.485
3.483
3.651
3.793
4.239
4.574
4.763
4.851
4.621
4.174
3.823
3.463
3.413
4.496
5.685
6.404
6.976
7.327
7.613
7.724
7.897
7.346
7.091
8.034
7.912
7.57
7.135
6.781
6.784
6.574
6.208
5.563
4.874
4.541
4.476
4.052
3.981
4.176
3.991
3.804
3.651
3.502
3.927
4.464
5.201
6.129
6.795
7.316
7.848
7.783
7.138
6.178
5.551
4.977
4.588
4.1
3.764
3.838
4.053
4.209
4.476
5.056
5.182
5.115
5.019
4.66
4.081
4.025
4.643
5.258
5.327
5.132
4.953
5.112
5.263
5.307
5.797
6.059
6.004
5.758
5.446
5.1
4.901
4.933
5.203
5.767
6.207
6.077
5.893
5.818
5.871
5.974
6.031
6.1
5.936
5.755
5.585
5.447
5.506
5.665
5.905
5.934
5.433
4.777
3.923
2.998
2.397
2.402
3.438
4.907
5.465
5.571
5.525
5.431
5.296
4.993
4.751
4.722
4.777
4.615
4.358
4.063
3.816
3.645
2.907
2.87
3.124
2.933
2.745
2.566
2.497
2.988
4.136
5.383
6.018
6.244
6.207
6.004
5.883
5.663
5.269
4.877
4.518
4.252
4.315
4.562
4.828
4.733
3.519
2.658
2.592
2.31
2.192
2.244
2.179
2.332
2.391
2.519
2.24
1.669
1.407
1.922
2.922
4.034
5.1
5.915
6.35
6.585
6.931
7.182
7.206
6.891
5.33
4.136
4.299
4.639
4.856
4.808
4.407
3.68
2.91
2.256
2.186
2.676
3.131
3.373
3.529
3.797
4.175
4.502
4.614
4.641
4.71
4.674
4.538
4.531
3.81
2.455
2.355
2.951
3.528
3.954
3.989
3.646
3.268
2.753
2.042
1.703
1.695
2.595
3.962
5.209
6.239
6.726
6.983
7.118
7.124
7.008
6.802
6.604
5.56
4.367
4.861
5.657
6.369
6.658
6.431
5.676
4.799
4.082
3.153
2.524
2.513
2.88
3.555
4.253
4.807
5.31
5.814
6.343
6.64
6.665
6.543
6.268
5.299
4.668
5.161
5.768
6.267
6.489
6.285
5.696
4.922
4.527
4.325
4.345
4.565
4.852
5.128
5.393
5.714
5.901
5.79
5.493
4.997
4.11
2.873
1.772
1.448
1.77
2.289
2.934
3.38
3.686
3.977
4.056
3.89
4.435
4.688
4.332
3.647
2.966
2.728
3.429
4.361
5.176
5.442
5.314
5.149
4.918
4.875
5.525
7.128
8.386
8.888
8.912
8.667
8.286
7.824
7.474
7.379
7.285
7.147
6.903
6.73
6.564
6.453
6.108
5.948
6.085
6.456
6.506
6.514
6.682
6.51
5.915
6.016
6.382
6.208
5.923
5.606
5.476
5.512
5.665
5.694
6.047
6.546
6.934
7.269
7.326
7.251
7.278
7.22
7.457
7.457
7.465
7.597
7.735
7.629
7.455
8.656
9.219
8.941
8.415
7.831
7.528
7.223
7.099
7.311
7.906
8.334
8.28
8.05
7.851
7.823
7.637
7.465
7.111
6.894
6.559
6.286
6.05
5.954
5.946
5.96
5.441
4.494
3.543
2.905
2.522
2.234
2.226
2.27
2.594
3.189
3.407
3.789
4.466
5.178
5.585
5.583
5.33
5.052
4.976
5.072
5.254
5.515
5.322
4.468
3.782
1.711
1.426
1.849
2.208
2.718
3.301
4.109
5.075
5.232
4.916
4.687
4.593
4.406
4.271
4.393
4.51
4.667
5.08
5.682
6.423
7.092
7.058
6.074
6.978
6.298
5.362
4.617
4.087
3.73
3.54
3.441
3.603
4.501
5.664
6.58
7.221
7.392
7.41
7.416
7.227
7.413
7.682
7.872
8.328
8.831
8.665
8.591
8.93
8.239
7.336
6.44
5.564
4.78
4.025
3.446
3.123
3.031
3.106
3.477
4.276
5.318
6.103
6.231
6.194
6.292
6.506
6.758
7.077
7.359
7.18
5.695
6.515
6.257
5.539
4.834
4.006
3.166
2.628
2.208
1.928
1.842
2.126
2.71
3.535
4.674
5.734
6.455
6.824
7.307
7.76
7.992
8.064
7.89
7.265
5.376
4.648
3.874
2.992
2.655
2.522
2.371
2.329
2.825
3.758
4.128
4.016
3.885
4.176
4.74
5.099
5.084
4.791
4.406
3.994
3.631
3.456
3.363
3.098
2.478
3.142
3.48
3.303
3.173
3.228
3.508
4.092
5.195
6.298
5.968
5.249
4.922
4.897
4.878
4.705
4.511
4.254
4.088
3.887
3.692
3.575
3.637
3.594
3.29
3.869
4.354
3.945
3.531
3.223
2.954
2.646
2.426
2.5
2.757
3.269
3.831
4.606
5.565
6.485
6.7
6.541
6.55
6.625
6.786
6.969
7.162
6.891
5.321
4.934
3.582
2.402
2.142
2.139
2.242
2.734
4.071
5.511
6.037
5.724
5.228
4.979
5.043
5.346
5.648
6.003
6.123
6.407
6.495
6.555
6.498
6.083
6.066
5.738
5.464
5.285
5.321
5.451
5.645
6.046
6.731
6.854
6.312
6.072
5.917
5.922
5.858
5.881
6.218
5.987
5.795
5.571
5.309
5.075
5.099
4.875
4.779
4.4
3.706
3.112
2.662
2.396
2.402
3.025
4.462
5.779
6.288
6.067
5.605
5.256
5.062
4.761
4.435
4.208
4.272
4.788
5.524
6.213
6.572
5.995
4.071
3.509
3.659
4.07
4.626
4.923
4.956
4.867
4.405
3.965
3.643
3.95
4.505
4.856
5.046
5.057
4.846
4.458
3.757
2.937
2.297
1.974
1.801
1.727
1.49
0.858
1.303
1.857
2.327
2.588
2.789
2.971
3.585
4.947
5.427
5.195
5.07
5.028
5.108
5.299
5.404
5.397
5.236
5.068
5.079
5.212
5.43
5.036
3.817
3.721
5.085
5.469
5.958
6.168
5.921
5.186
4.24
3.398
2.679
2.362
2.65
3.37
4.5
5.892
7.333
8.164
8.545
8.96
9.251
9.451
9.415
8.878
7.882
7.558
8.075
8.215
7.868
7.409
7.194
6.655
6.304
6.467
7.144
7.886
8.38
8.857
9.197
9.27
9.105
9.32
9.639
9.303
8.568
8.032
7.326
7.068
7
6.383
5.554
4.827
4.36
4.095
3.946
3.93
4.119
4.478
4.859
5.179
5.466
5.445
5.514
6.002
6.35
6.617
6.937
7.058
7.181
7.372
7.386
7.924
8.479
8.463
8.05
7.608
7.374
7.186
6.804
6.488
6.6
6.463
6.5
6.795
7.152
7.545
7.916
8.075
8.011
7.694
7.441
7.432
7.436
7.429
7.354
7.32
8.068
8.04
7.478
6.858
6.228
5.764
5.77
6.243
6.773
6.778
6.816
6.986
7.178
7.342
7.466
7.443
7.272
7.034
6.875
6.768
6.547
6.149
5.854
5.277
4.922
4.654
4.378
4.244
4.002
3.633
3.313
3.404
3.773
4.29
4.887
5.006
5.021
5.014
4.849
4.616
4.496
4.579
4.843
5.019
5.193
5.495
5.805
5.261
5.029
5.66
5.135
4.689
4.309
3.912
3.469
2.836
2.175
2.383
2.215
2.525
3.133
3.775
4.309
4.612
4.697
4.627
4.557
4.567
4.714
5.053
5.393
5.081
3.533
2.565
1.979
1.748
1.588
1.401
1.332
1.537
2.626
4.283
5.104
5.093
5.058
5.191
5.321
5.481
5.812
6.075
6.089
5.978
5.871
5.813
5.791
5.305
3.84
3.583
3.411
3.263
3.054
2.739
2.377
1.898
2.151
2.714
3.276
3.526
3.617
3.722
3.976
4.36
4.993
5.867
6.87
7.871
8.555
9.084
9.189
8.341
7.201
7.767
8.353
8.271
7.908
7.387
6.72
5.978
4.898
4.34
4.334
4.719
5.224
5.709
6.087
6.279
6.241
5.91
5.604
5.44
5.46
5.828
6.25
6.08
5.971
5.46
4.893
4.216
3.749
3.59
3.853
4.436
5.402
6.345
6.08
5.49
5.111
4.912
4.89
5.027
5.099
5.142
5.197
5.317
5.521
6.038
6.659
6.375
5.541
6.294
5.908
5.016
4.527
4.246
4.004
3.736
3.352
2.797
2.184
1.914
2.301
3.104
4.043
4.968
5.86
6.565
6.983
7.44
7.665
7.485
7.122
6.299
6.775
7.332
7.303
7.301
7.503
7.8
8.059
8.189
8.067
7.882
7.773
7.978
8.235
8.428
8.562
8.752
8.907
8.911
8.804
8.662
8.683
8.899
9.1
9.973
10.118
9.617
8.805
7.904
7.292
7.307
7.882
8.417
8.426
7.701
6.739
6.502
6.818
7.164
7.491
7.935
7.983
7.936
8.084
7.986
7.791
7.617
7.756
7.643
8.909
8.831
7.958
7.107
6.427
5.84
5.537
5.761
6.702
8.036
8.494
7.856
7.411
7.333
7.094
6.625
6.176
5.499
4.811
4.344
4.128
3.975
3.619
2.742
1.921
1.881
1.742
1.223
1.14
1.369
1.919
2.364
3.362
5.001
5.789
5.821
5.603
5.38
5.277
5.288
5.437
5.784
6.152
6.395
6.594
6.84
6.977
6.354
5.45
6.721
6.781
6.372
5.969
5.65
5.345
5.033
4.585
4.236
4.546
5.267
6.217
7.071
7.734
8.151
8.652
9.02
9.283
9.489
9.645
9.755
9.723
8.874
7.856
7.892
7.765
7.245
6.544
5.91
5.325
4.844
4.317
4.016
3.948
3.881
3.835
4.042
4.891
6.112
6.896
7.194
7.324
7.532
7.705
8.188
7.688
7.616
6.98
5.903
5.232
4.8
4.739
5.082
6.17
7.793
8.386
7.839
7.085
6.743
6.91
6.768
7.016
6.94
6.909
6.747
6.609
6.398
6.347
6.414
6.459
6.141
6.509
6.534
6.575
6.53
6.515
6.645
7.07
7.415
7.361
6.909
6.572
6.668
6.427
6.278
6.256
6.257
6.301
6.316
6.3
6.383
6.466
6.491
6.34
5.896
5.869
5.189
4.599
4.227
4.234
4.605
5.164
5.892
6.469
6.769
6.566
6.527
6.495
6.461
6.432
6.495
6.526
6.564
6.516
6.422
6.471
6.424
6.336
6.622
7.032
7.146
7.138
6.991
6.847
6.916
7.052
7.21
7.375
7.323
7.066
6.904
6.576
6.255
5.822
5.762
5.954
6.363
6.097
5.362
4.715
4.917
5.015
4.036
2.942
2.494
1.808
2.01
2.417
3.022
3.685
3.964
5.14
6.625
6.788
5.794
4.891
4.649
4.653
4.761
4.732
4.699
4.629
4.529
4.486
4.6
4.81
4.726
4.557
4.352
4.334
4.596
5.134
5.821
6.511
7.074
7.418
7.432
7.024
6.919
6.7
6.731
6.831
6.828
6.881
6.793
6.627
6.663
6.671
6.679
6.698
6.851
6.827
6.609
6.358
6.15
5.971
6.083
6.519
7.136
7.868
8.323
8.236
8.04
7.936
7.755
7.733
7.514
7.433
7.137
6.847
6.58
6.507
6.492
6.627
6.517
6.006
5.435
4.799
4.244
3.9
3.866
4.103
4.693
6.172
7.805
7.817
6.877
6.217
5.801
5.75
5.714
5.587
5.554
5.585
5.53
5.443
5.158
4.48
3.243
2.28
1.204
1.775
2.549
3.427
4.04
4.644
5.365
6.185
6.898
6.686
6.207
6.202
6.295
6.356
6.405
6.274
5.998
5.858
5.872
5.658
5.446
5.377
5.461
5.461
5.178
5.05
5.189
5.323
5.46
5.609
5.76
6.093
6.744
6.843
6.244
5.678
5.273
4.982
4.877
4.758
4.734
4.736
4.691
4.635
4.547
4.392
3.56
3.326
2.641
1.899
1.398
1.191
1.494
1.948
2.583
3.886
5.133
5.415
4.964
4.321
3.573
3.047
2.963
3.254
3.581
3.759
3.953
4.408
5.071
5.541
4.936
3.964
4.007
3.415
3.036
3.107
3.039
2.853
2.564
2.569
3.156
3.638
3.665
3.719
3.977
4.386
4.808
5.116
5.363
5.793
6.369
7.078
7.696
8.468
8.354
7.351
7.705
8.005
7.766
7.351
6.827
6.253
5.665
4.793
3.647
3.21
3.215
3.415
3.631
3.854
4.799
5.831
5.709
4.914
4.7
5.179
5.377
4.837
3.923
2.705
2.439
2.065
2.705
3.278
4.123
5.087
5.43
6.015
5.856
5.069
4.134
3.851
4.47
5.428
6.338
7.076
7.134
7.857
8.154
7.399
5.277
4.068
3.302
2.884
2.045
0.683
2.268
3.246
3.725
4.187
4.314
4.296
4.777
5.113
4.783
4.463
4.126
3.759
3.626
3.518
3.26
2.784
2.145
1.711
1.506
1.475
1.24
0.938
1.422
2.759
3.876
5.087
5.741
5.766
5.564
5.569
5.867
5.643
5.216
4.588
4.15
3.897
3.747
3.877
4.096
4.222
4.085
3.978
4.139
3.989
3.3
2.735
2.453
1.888
3.338
4.302
5.05
5.551
5.844
6.036
6.255
6.296
6.44
6.572
6.734
6.94
7.102
7.251
7.319
7.373
7.405
7.458
7.792
7.968
8.883
9.313
9.15
8.897
8.504
8.162
8.13
8.312
8.394
8.395
8.283
7.918
7.849
7.661
7.658
7.76
7.83
7.887
7.823
7.628
7.261
6.848
6.73
7.021
7.427
8.019
8.134
8.202
7.906
7.659
7.855
7.659
6.993
7.508
7.972
7.573
7.039
6.653
6.741
7.017
7.142
7.076
6.871
6.628
6.262
5.871
5.66
5.359
4.209
3.446
3.148
2.768
2.796
2.886
2.922
2.759
2.429
2.696
2.817
3.27
3.374
3.803
4.438
5.016
5.396
5.55
5.511
5.435
5.435
5.589
5.87
6.04
5.182
3.418
1.956
1.629
1.387
1.338
1.588
1.603
1.811
2.701
4.194
5.533
6.149
6.469
6.622
6.661
6.562
6.479
6.752
7.354
8.015
8.517
8.795
8.654
7.433
6.49
5.992
5.11
4.721
4.681
4.565
4.344
4.119
4.083
4
4.507
5.32
6.21
7.025
7.539
7.725
7.78
8.019
8.307
8.59
8.874
9.203
9.294
8.037
6.487
6.407
5.596
4.934
4.467
3.958
3.438
2.954
2.668
2.762
3.103
3.17
3.373
3.724
4.11
4.35
4.289
3.849
3.62
3.587
3.769
3.856
3.81
3.11
2.482
2.644
2.284
1.67
0.986
0.790
1.08
1.769
2.159
3.249
4.524
5.311
6.071
6.709
7.184
7.404
7.437
7.426
7.529
7.901
8.311
8.615
8.71
7.927
6.668
6.008
5.32
4.957
4.921
4.871
4.706
4.374
3.963
3.631
3.34
3.593
4.487
5.583
6.205
6.593
7.131
7.439
7.629
7.866
7.719
7.677
7.628
7.936
7.175
6.273
5.543
5.002
4.844
5.188
5.83
6.573
7.254
7.742
7.866
7.794
7.515
7.279
7.064
6.956
6.794
6.589
6.458
6.362
6.284
6.152
5.964
6.117
5.949
5.449
4.944
4.561
4.28
4.329
4.764
5.463
6.248
6.88
6.663
6.095
5.842
5.886
5.875
5.959
5.976
6.234
6.528
6.714
6.748
6.77
6.84
6.963
6.886
6.037
4.69
3.124
2.302
2.64
3.396
4.098
5.073
6.425
6.803
6.376
6.004
5.898
6.024
5.998
5.889
5.937
6.228
6.607
6.927
7.074
6.842
5.317
4.401
3.388
2.474
2.472
2.582
2.668
2.59
2.43
2.673
4.648
5.8
5.972
6.241
6.392
6.348
6.201
6.145
6.302
6.634
7.277
8.048
8.859
9.324
8.097
6.401
5.902
5.252
4.721
4.456
4.309
4.258
4.208
3.932
3.778
3.331
2.394
2.021
2.412
3.336
4.532
5.859
6.789
7.276
7.859
8.586
9.403
9.958
9.239
8.244
9.385
10.228
10.285
9.89
9.098
8.068
7.067
6.241
6.415
6.488
5.95
5.057
3.999
3.159
2.386
1.721
1.603
1.971
2.271
2.521
2.708
2.926
3.151
2.98
2.667
2.817
3.315
4.006
4.797
5.682
5.618
4.557
3.796
2.989
2.499
3.778
4.765
5.675
6.464
7.303
8.598
9.923
10.875
10.929
9.392
6.871
2.815
2.206
3.411
5.039
5.756
6.497
6.976
6.71
6.47
6.499
7.04
6.85
6.474
6.693
6.809
6.577
6.866
7.26
6.974
6.43
5.887
6.033
6.047
5.729
5.554
4.998
4.456
3.92
3.608
3.949
4.74
5.535
6.161
6.573
6.823
6.878
6.847
6.821
6.864
6.877
6.725
6.519
6.388
6.179
6.406
6.649
6.829
7.06
7.915
8.173
8.377
8.614
8.918
9.171
9.357
9.671
10.081
10.362
10.24
9.559
9.532
9.755
10.126
10.288
10.331
10.339
9.977
9.3
9.112
8.714
8.378
8.3
8.962
9
8.981
8.851
8.784
8.623
8.524
8.626
8.841
9.111
9.279
9.068
9.086
9.034
8.934
8.88
8.638
8.199
7.643
7.1
6.748
6.413
6.318
6.104
6.03
5.146
3.865
2.662
1.851
1.928
2.3
3.669
4.707
5.776
6.638
6.773
6.344
6.063
6.021
6.111
6.181
6.104
5.881
5.71
5.872
6.013
6.023
5.525
5.433
6.001
5.611
4.98
4.533
4.657
5.276
5.129
5.685
6.686
6.776
6.804
6.469
5.871
5.543
5.261
5.097
4.943
5.083
5.267
5.234
5.215
5.273
5.257
4.663
4.567
4.526
4.114
3.677
3.628
3.942
4.56
5.174
5.683
5.982
5.535
4.772
4.243
3.703
3.218
2.797
2.576
2.607
2.86
3.278
3.579
3.653
3.627
3.716
3.536
3.372
3.536
4.109
5.002
6.139
7.379
8.405
9.136
9.451
8.839
8.06
7.279
6.958
6.82
6.834
7.155
7.458
7.468
7.354
7.254
7.021
7.03
7.064
6.524
5.794
5.105
4.647
4.674
5.112
5.774
6.258
6.611
6.763
6.518
6.13
5.746
5.511
5.439
5.477
5.445
5.432
5.373
5.258
5.144
5.055
4.806
4.538
4.122
3.769
3.757
4.105
4.514
4.937
5.434
5.924
6.506
7.127
7.202
6.732
6.505
6.645
6.768
6.781
6.713
6.725
6.686
6.53
6.386
6.222
5.799
5.903
5.567
5.117
4.715
4.335
4.061
4.206
4.869
5.806
7.209
8.719
8.857
7.99
7.655
7.733
7.854
8.105
8.043
7.817
7.57
7.208
6.779
6.422
5.894
4.766
3.953
3.547
2.953
2.306
2.049
2.028
3.128
3.728
4.508
5.845
6.57
6.54
6.425
6.378
6.418
6.415
6.27
5.985
5.853
6.194
6.692
6.875
6.621
4.843
3.426
3.123
3.242
3.43
3.508
3.594
3.625
3.734
4.296
5.77
6.64
6.341
5.751
5.332
5.026
4.614
4.331
4.026
3.559
2.999
2.606
3.428
4.394
4.237
5.047
5.654
5.902
6.097
6.217
6.455
6.949
7.463
7.823
7.781
7.111
6.572
6.289
5.954
6.012
5.821
5.87
5.97
5.927
5.849
5.521
4.995
4.312
4.271
4.017
3.197
2.396
2.257
2.021
2.949
4.11
5.003
5.898
6.672
6.731
5.719
4.693
4.138
3.855
3.327
2.655
2.408
2.626
2.985
3.541
4.581
5.443
5.148
5.829
5.279
4.175
3.277
2.762
2.473
2.431
2.898
3.736
5.441
6.513
6.261
5.782
5.51
5.256
5.221
5.291
5.331
5.285
5.109
4.997
5.056
4.965
4.822
4.132
3.1
2.537
2.003
3.124
4.937
6.541
7.802
8.712
8.924
8.586
8.44
8.274
8.016
7.611
7.152
6.902
6.73
6.383
5.909
5.705
5.723
5.539
5.69
5.607
5.119
4.549
4.014
3.844
4.344
5.246
6.097
6.761
7.071
6.717
6.221
5.822
5.394
5.105
4.989
4.95
4.885
4.87
5.004
5.17
5.321
5.244
5.094
4.808
4.549
4.477
4.532
4.652
4.782
4.98
5.092
5.068
4.944
4.745
4.745
4.914
5.277
5.569
5.7
5.392
5.513
5.381
5.276
5.29
5.256
5.367
5.851
6.5
6.351
5.953
5.523
5.194
5.312
5.787
6.28
6.982
7.222
6.945
6.515
5.945
5.847
6.021
6.013
5.885
5.787
5.81
6.001
6.071
6.086
5.964
6.276
6.497
6.571
6.184
5.503
4.838
4.636
4.871
5.274
5.943
6.905
7.084
6.257
5.487
5.027
4.684
4.491
4.444
4.324
4.265
4.194
4.165
4.293
4.119
3.838
3.361
2.227
1.636
1.428
1.579
1.654
2.699
3.708
4.426
5.107
5.617
5.155
4.512
4.306
4.262
4.23
4.396
4.654
4.899
5.165
5.432
5.672
5.449
4.092
2.848
1.124
0.678
0.830
1.463
2.415
3.088
3.809
4.766
5.777
6.237
5.925
5.715
5.696
5.757
5.756
5.702
5.594
5.568
5.712
5.99
6.441
6.55
4.88
3.668
2.902
2.732
2.723
2.606
2.517
2.622
3.019
3.936
5.125
5.653
5.506
5.419
5.682
5.8
5.649
5.474
5.202
4.769
4.273
3.83
3.508
3.278
2.412
3.074
3.467
3.961
4.819
5.674
6.175
6.406
6.762
7.476
8.052
7.856
7.567
7.571
7.094
6.529
6.044
5.639
5.31
5.358
5.686
5.717
5.804
5.657
5.481
5.144
5.064
5.103
5.261
5.561
6.093
6.87
7.697
8.32
8.604
8.321
7.797
7.324
6.899
6.388
5.935
5.603
5.572
5.401
5.398
5.326
5.082
4.763
4.988
5.059
5.152
5.177
5.27
5.556
5.837
5.999
6.481
7.081
7.516
7.482
7.062
6.694
6.607
6.513
6.172
6.01
5.968
5.914
5.652
5.469
5.361
5.385
5.483
4.92
4.161
3.551
3.186
2.734
2.362
3.319
4.813
5.954
7.03
7.489
7.017
6.266
5.603
4.906
4.387
4.166
3.955
3.702
3.327
3.123
3.352
3.162
2.716
3.332
4.893
6.165
6.42
5.909
5.418
5.161
5.002
4.931
5.044
5.082
4.458
3.844
3.469
3.124
2.636
2.196
2.407
2.73
3.338
4.145
4.612
4.544
4.48
3.762
2.948
2.739
3.37
4.575
5.711
6.991
8.577
9.551
9.75
9.115
8.498
8.129
7.747
7.544
7.417
7.54
7.477
7.579
7.65
7.473
7.353
7.272
6.821
6.299
5.879
5.409
5.102
5.314
5.846
6.292
6.829
7.313
7.22
6.509
5.804
5.366
5.161
4.931
4.692
4.607
4.892
4.953
4.92
5.043
4.705
4.189
4.136
3.761
2.503
1.094
0.200
0.066
1.838
2.873
2.505
1.97
1.856
2.397
2.823
2.958
3.094
3.101
2.654
1.35
1.157
1.917
2.482
2.621
2.74
2.696
2.733
2.959
3.265
3.574
3.838
4.032
4.283
4.837
5.23
5.7
6.324
6.72
6.457
5.997
5.708
5.408
5.246
5.24
5.389
5.425
5.416
5.483
5.558
5.646
5.908
5.534
5.032
4.616
4.768
5.44
6.184
6.804
7.168
7.522
7.844
7.809
7.495
7.186
6.985
6.802
6.672
6.391
6.244
6.088
5.856
5.739
5.511
4.857
4.422
3.894
3.032
2.677
3.328
4.3
4.93
5.091
5.128
5.554
6.282
6.737
6.192
5.46
5
4.9
4.782
4.602
4.239
3.911
3.769
3.842
3.9
3.645
3.437
3.24
2.48
0.659
0.861
1.882
3.515
4.79
6.059
7.11
8.024
7.952
7.117
6.539
6.398
6.268
6.174
5.954
5.794
5.5
5.38
5.42
5.573
5.335
5.219
4.771
4.314
3.989
3.849
3.891
4.861
5.763
6.569
7.212
7.686
7.633
7.171
6.794
6.519
6.842
6.917
7.035
6.992
6.837
6.797
6.577
6.405
5.679
5.109
4.862
3.975
3.11
2.789
2.784
2.806
3.466
4.069
4.662
5.873
6.683
6.361
5.963
6.034
6.021
5.89
5.854
5.947
6.136
6.352
6.809
7.637
7.528
7.333
8.516
9.679
10.802
11.463
11.037
9.632
8.089
6.586
5.026
3.333
2.334
1.84
1.358
1.32
1.864
3.089
4.362
5.19
5.784
6.233
6.538
6.696
6.195
5.474
5.364
5.256
5.26
5.15
4.684
3.966
3.269
2.787
2.47
2.669
3.294
3.382
3.101
2.624
2.417
2.809
3.317
3.739
3.889
3.814
3.724
3.415
3.135
1.769
0.892
0.675
0.771
0.867
1.241
2.53
4.338
6.667
8.428
8.609
7.309
5.538
4.526
4.014
3.462
2.804
2.609
3.174
4.105
4.621
4.752
5.11
4.691
3.71
2.336
3.328
3.638
3.682
3.362
3.723
5.526
7.169
7.546
6.659
5.735
5.284
5.273
5.359
5.596
5.442
5.421
5.445
5.057
4.652
4.372
4.313
4.244
4.591
5.142
5.571
5.832
6.091
6.54
7.151
7.68
8.099
8.393
8.434
8.023
7.426
7.004
6.937
6.823
6.818
6.727
6.549
6.403
6.177
6.048
5.977
6.428
7.38
7.189
6.194
4.923
3.813
2.961
3.521
4.984
5.982
6.913
7.474
7.42
6.561
5.641
4.938
4.388
3.855
3.703
3.593
3.395
3.434
4.238
5.643
6.065
6.977
7.248
6.346
5.515
4.93
4.544
4.128
3.648
3.325
3.37
4.002
5.535
6.104
5.869
5.568
5.275
4.706
4.554
4.669
4.352
3.925
3.555
3.051
2.625
2.569
2.124
1.255
1.031
1.174
1.596
2.175
2.503
2.392
2.432
3.62
5.204
5.523
5.181
5.016
5.012
5.101
5.138
4.992
4.224
4.176
6.126
7.392
7.529
8.384
9.19
8.944
8.427
7.86
6.824
5.463
4.072
2.678
1.919
1.723
1.598
1.844
2.186
3.483
5.914
6.958
7.875
8.598
8.651
8.469
8.543
7.797
7.316
6.583
6.041
6.076
6.541
7.188
7.618
7.845
7.989
7.914
7.757
7.492
7.178
6.871
6.592
6.297
5.984
5.747
5.671
5.644
5.77
5.629
5.404
4.758
4.453
4.089
3.255
2.488
2.305
1.924
2.286
3.208
4.148
4.477
4.937
5.634
6.068
5.998
5.808
5.747
5.247
3.619
2.528
2.341
2.181
2.377
3.306
4.234
4.513
4.863
4.761
4.441
4.116
4.168
4.575
5.03
5.569
6.122
6.543
6.717
6.371
5.916
5.797
5.621
5.416
5.465
5.736
5.847
5.776
5.767
5.779
5.707
5.468
5.732
5.273
4.386
3.506
2.373
3.531
4.503
4.959
5.095
5.422
5.864
5.927
5.515
5.085
4.673
4.548
4.343
4.076
3.941
4.228
4.15
4.09
4.336
4.38
4.727
4.714
4.904
5.449
5.372
4.83
4.178
3.782
3.321
2.946
2.38
2.339
2.411
2.98
3.72
4.191
4.294
4.296
4.106
3.775
3.542
3.39
3.22
2.89
2.443
2.904
4.323
5.776
6.916
7.457
7.936
9.04
10.431
11.353
11.255
10.478
9.827
9.438
9.079
8.774
8.765
8.92
8.878
8.785
8.742
8.474
8.149
8.76
9.513
9.628
9.431
9.172
9.231
9.383
9.496
9.71
9.988
10.262
10.301
9.806
9.254
9.154
9.048
9.014
8.73
8.436
8.063
7.824
7.366
6.973
6.459
6.436
7.195
7.056
6.415
5.682
5.076
4.66
4.194
3.625
5.4
6.981
7.711
7.992
7.903
7.618
7.278
6.564
5.728
5.193
4.355
3.168
2.922
3.545
4.438
4.857
4.705
5.267
6.341
7.41
8.254
8.843
9.368
9.702
9.73
9.381
9.248
8.998
8.843
8.919
9.044
9.145
9.323
9.391
9.147
8.821
8.06
7.277
7.148
6.753
6.633
6.964
6.561
6.003
5.465
5.084
4.947
4.923
5.168
5.705
6.225
6.079
5.504
4.527
3.605
3.181
3.011
3.136
3.524
4.01
4.356
4.631
4.882
4.813
4.99
5.033
5.071
5.102
5.132
5.064
4.896
4.804
4.878
5.149
5.7
6.353
6.427
5.986
5.793
5.643
5.323
4.94
4.628
4.455
4.146
3.912
3.795
3.754
3.738
3.715
3.737
3.79
4.027
4.246
4.563
5.04
5.649
6.193
6.609
6.675
6.344
5.984
5.829
5.687
5.504
5.498
5.56
5.438
5.491
5.63
5.607
5.67
5.861
5.432
4.787
4.111
3.477
2.498
2.803
4.278
5.803
6.704
7.343
7.63
7.391
7.225
7.34
7.447
7.358
7.214
7.05
6.861
6.571
6.251
6.134
5.885
5.95
5.213
4.335
3.99
4.105
4.329
4.686
5.126
5.747
6.345
6.815
7.22
7.072
6.849
6.828
6.853
6.705
6.584
6.426
6.226
6.091
5.883
5.747
6.018
6.569
5.734
4.69
4.274
4.62
5.367
6.209
6.905
7.427
7.83
7.944
7.5
6.829
6.654
6.63
6.65
6.571
6.561
6.496
6.341
5.983
5.622
5.221
4.845
5.073
4.704
3.895
3.252
3.143
3.506
4.414
5.357
6.208
6.762
6.981
6.809
6.145
5.465
5.184
5.197
5.121
4.985
4.917
4.746
4.385
3.87
3.34
2.734
4.182
4.564
4.223
3.748
3.274
2.997
2.914
2.874
2.783
2.657
2.654
2.716
2.431
2.715
3.426
3.953
4.933
5.775
6.498
6.593
6.544
6.53
6.497
6.288
6.517
6.885
6.62
6.329
6.109
6.253
6.713
7.323
8.288
9.193
9.692
8.985
7.797
7.296
7.252
7.767
9.119
10.126
10.091
9.795
9.638
9.157
8.777
9.171
8.725
8.188
7.767
7.509
7.247
7.048
6.806
6.641
6.712
6.877
6.777
6.617
6.499
6.428
6.377
6.503
6.393
6.193
6.02
5.898
5.707
5.493
5.186
5.108
4.705
4.233
3.778
3.345
2.329
2.165
3.362
4.23
5.259
6.3
7.337
8.171
8.083
7.749
7.483
7.266
7.25
7.257
7.246
7.244
7.128
6.959
6.774
6.294
5.563
4.582
3.43
2.446
2.463
2.728
3.286
3.471
4.169
5.271
6.218
7.466
7.887
7.098
5.857
5.623
5.46
4.646
4.569
4.952
4.927
5.048
5.522
5.773
7.202
8.911
9.806
9.76
9.517
9.47
9.108
8.224
6.784
5.2
4.448
4.773
5.611
6.873
7.897
7.657
6.881
6.584
6.649
6.897
6.398
6.694
6.394
5.737
6.527
7.358
8.115
8.779
9.184
9.447
9.699
9.703
9.422
9.164
8.961
8.429
7.77
7.564
7.107
6.757
6.843
6.973
6.943
6.674
5.905
5.459
5.421
5.678
5.431
5.179
5.164
5.363
5.552
5.459
5.447
5.606
5.77
5.951
6.142
6.273
5.88
5.219
4.77
4.47
4.191
3.888
3.658
3.503
3.46
3.661
3.962
3.103
1.954
0.952
0.564
1.616
2.331
2.967
3.557
4.116
5.01
6.112
6.665
6.382
5.37
4.384
3.967
3.75
3.773
3.937
3.647
3.079
2.478
1.99
1.573
1.131
0.429
0.576
1.893
3.28
4.512
5.099
5.28
5.461
5.788
6.064
6.054
5.883
5.148
4.456
4.45
4.775
5.139
5.288
5.65
6.106
6.448
6.958
7.503
8.459
8.861
8.427
7.814
7.21
6.854
6.639
6.474
6.427
6.484
6.555
6.528
6.481
6.334
6.069
5.944
5.793
5.616
5.3
5.059
4.978
4.965
4.907
4.897
5.194
5.228
5.056
4.781
4.511
4.368
4.561
5.096
5.556
6.017
6.538
7.058
7.235
6.965
6.789
6.654
6.549
6.494
5.874
5.4
5.485
5.611
5.337
4.773
4.201
4.374
3.368
2.284
1.97
2.148
2.097
2.687
3.319
3.749
4.575
5.183
5.313
4.786
4.176
3.804
3.659
3.902
4.452
5.158
5.68
5.865
6.054
6.188
6.15
8.4
10.115
9.832
9.459
9.339
9.31
9.057
8.388
7.153
5.576
3.834
3.185
3.356
3.75
4.12
4.396
4.475
4.529
5.495
7.135
8.888
9.33
8.54
7.588
6.787
5.927
5.015
4.249
3.713
3.301
3.347
3.955
4.798
5.512
6.007
6.22
5.995
5.544
5.166
4.876
4.562
4.384
4.242
4.221
4.369
4.623
4.628
4.557
4.754
5.109
5.088
4.976
4.953
4.881
5.074
5.407
5.761
6.142
6.633
6.844
6.785
6.574
6.444
6.28
6.033
5.629
5.292
5.15
5.168
5.358
5.391
4.391
4.054
4.152
3.788
3.921
4.414
4.885
5.341
5.681
5.931
6.199
6.688
7.127
6.829
6.201
6.024
6.236
6.345
5.971
5.582
5.097
4.299
3.64
3.07
2.232
1.652
1.867
2.022
1.776
1.98
2.217
3.057
3.542
4.136
4.877
5.574
5.786
5.52
5.178
4.879
4.457
4.031
3.734
3.797
4.265
4.874
5.055
4.778
3.785
3.498
3.92
3.969
4.097
4.064
4.081
4.118
4.027
4.282
4.912
5.26
4.985
4.484
4.241
4.195
3.692
3.101
3.125
3.303
3.641
3.948
4.285
4.78
4.827
4.439
4.096
3.329
2.442
1.859
1.927
2.925
3.481
3.51
3.292
3.133
3.106
2.761
2.268
2.64
3.423
3.642
3.522
3.334
3.415
3.648
3.851
4.091
3.738
3.993
4.415
4.55
4.263
3.707
3.468
3.942
3.931
3.64
2.972
2.728
2.824
3.04
3.339
3.786
4.537
5.481
6.284
6.661
6.656
6.352
5.861
5.266
4.171
3.076
3.904
4.777
5.378
5.617
5.738
5.885
6.288
7.107
7.898
8.285
7.879
7.25
6.935
6.828
6.81
6.991
7.147
7.125
6.885
6.374
6.169
5.902
5.777
6.35
6.295
6.068
5.823
5.566
5.03
4.623
4.765
5.389
6.007
6.346
6.405
6.214
6.031
5.714
5.35
5.075
4.776
4.537
4.401
4.434
4.51
4.508
4.09
4.282
5.118
5.828
5.562
4.757
4.132
3.675
3.216
2.93
3.146
3.199
3.058
2.658
2.166
1.844
2.126
2.931
4.263
5.764
6.787
7.313
7.693
8.136
7.685
8.097
9.978
9.856
9.412
8.838
8.076
7.167
6.308
5.503
4.628
3.945
3.522
3.204
2.793
2.602
3.047
3.571
3.928
3.934
3.526
3.034
2.714
2.274
1.276
1.167
1.953
2.656
3.2
3.596
3.752
3.546
3.528
3.745
4.142
4.521
4.988
5.501
5.457
5.246
5.023
4.822
4.501
4.143
3.99
3.897
3.702
3.658
3.869
4.603
6.221
6.863
6.962
6.794
6.455
6.164
6.053
6.233
6.606
6.8
6.494
6.09
5.738
5.098
4.52
4.323
4.261
4.257
4.448
4.774
5.044
5.124
4.749
4.232
3.186
2.31
1.593
1.649
1.911
3.02
3.754
4.524
5.126
5.333
5.107
4.568
4.002
3.501
3.165
3.006
3.064
3.393
3.76
3.499
3.053
2.816
2.573
2.484
2.466
2.375
2.31
2.356
2.379
2.312
2.275
2.793
2.924
3.014
3.046
3.483
3.863
4.174
4.313
4.154
3.917
3.87
4.064
4.394
5.021
5.8
6.18
7.336
8.669
9.823
10.689
11.296
11.445
11.159
10.638
10.093
9.696
8.986
8.838
9.234
9.74
9.336
8.577
8.37
8.607
8.822
8.483
7.879
7.386
7.142
6.794
7.076
7.533
7.613
7.641
7.614
7.328
6.638
5.545
4.319
3.26
2.759
2.453
2.537
2.911
3.496
3.965
4.264
4.262
4.595
4.592
4.558
4.732
5.018
4.605
4.561
5.276
5.193
4.477
4.161
4.44
4.595
4.837
5.257
6.419
7.955
7.759
6.887
5.981
5.548
5.467
5.916
6.777
6.659
6.302
5.893
5.53
5.264
4.894
5.215
5.169
4.889
4.568
4.471
4.618
4.929
5.203
5.445
5.744
6.266
6.727
6.757
6.22
5.825
5.581
5.632
6.013
6.232
6.173
6.031
5.795
5.504
4.717
4.149
3.568
2.335
1.413
1.512
2.203
2.745
3.31
4.204
5.508
6.525
7.138
6.951
6.325
6.128
6.159
5.994
5.717
5.574
5.518
5.182
4.722
4.248
3.479
3.123
2.472
1.481
1.451
3.267
4.385
5.182
5.848
6.553
7.162
7.358
7.149
6.395
5.899
5.828
5.726
5.602
5.518
5.353
5.562
5.861
6.148
6.217
5.805
5.427
4.906
4.586
4.599
5.044
5.697
6.18
6.439
6.703
7.076
7.477
7.52
7.119
6.624
6.394
6.092
6.02
5.941
5.799
5.832
5.702
5.677
5.401
4.807
4.23
3.168
1.752
0.902
0.698
1.73
3.088
4.039
5.285
6.467
7.282
7.679
7.334
6.753
6.484
6.524
6.765
6.703
6.467
6.184
5.871
5.563
5.217
4.661
3.841
2.388
0.937
1.034
2.366
3.803
4.846
5.72
6.586
7.44
7.833
7.732
7.097
6.702
6.484
6.479
6.577
6.614
6.477
6.254
6.079
5.734
5.314
4.888
5.024
4.092
2.623
1.741
1.918
3.266
4.337
5.359
6.309
6.925
7.179
7.159
6.711
6.38
6.388
6.358
6.311
6.197
5.807
5.502
5.286
4.893
4.634
4.003
3.957
3.723
2.88
2.178
2.066
2.402
2.549
2.867
3.549
4.508
5.589
6.593
6.627
5.767
